   1.0000000e+00   2.9862590e-01   3.5032280e-01  -8.6528541e-01  -1.1235534e-03   6.3476363e-01  -3.3938115e-01
   2.0000000e+00  -3.6993252e-01   1.2569562e+00   1.5239578e-01  -4.4228205e-01   1.1230986e-01  -4.7439255e-02
   2.0000000e+00   6.0414382e-02  -5.5078410e-02   1.0758401e+00  -4.4864073e-01  -5.4583741e-01  -1.2128878e-01
   2.0000000e+00   5.8781707e-01  -5.0373533e-01   1.0245069e+00   7.1541470e-01  -1.2926409e+00   7.5569876e-03
   2.0000000e+00   7.5742500e-01  -3.8121944e-01   2.5654318e-01  -2.2775416e-01  -8.5258447e-01   6.7641712e-03
   2.0000000e+00  -1.1242040e+00  -6.9725432e-02   1.1043663e+00  -1.4799986e-01   8.1236242e-02   1.8532722e-01
   2.0000000e+00   1.6836525e+00   6.4439991e-01  -2.0852006e+00  -1.0139705e+00  -3.2912479e-01   8.4769989e-01
   2.0000000e+00   7.0543996e-01   2.7350431e-01   6.5910441e-01  -1.9718105e+00   6.5521305e-01  -4.2153363e-01
   2.0000000e+00  -1.0754422e+00  -7.2436845e-01  -1.1381302e+00  -3.1145882e-01  -1.5526194e+00   9.2847689e-01
   2.0000000e+00  -8.5778866e-03  -1.6815603e+00  -1.0956024e+00   1.5532773e+00  -2.1427021e-01  -1.4152796e+00
   1.0000000e+00   1.1102435e-02   3.9871495e-01  -1.4170019e+00   7.7424595e-01  -1.0275179e+00  -1.0641994e+00
   2.0000000e+00   3.0748522e-01   1.0863713e+00   7.4504974e-01  -8.2801114e-02   2.4939908e+00  -4.3225656e-02
   2.0000000e+00  -8.2498470e-01   1.2158519e+00  -1.0326007e+00  -7.7549881e-01   6.3724920e-01   2.4563628e-01
   2.0000000e+00   1.3639332e+00   2.6123570e-01  -2.7138458e-01  -2.1056466e+00  -7.9071688e-02  -5.9938795e-01
   2.0000000e+00   2.3864532e-01  -1.7722098e-01  -2.8145499e-01  -9.3556663e-01   4.1313546e-01   4.4261338e-01
   2.0000000e+00  -1.7520103e-02  -9.1188786e-01  -1.4848543e+00  -5.9679528e-01   9.1895315e-01  -5.5335451e-01
   2.0000000e+00  -5.3056960e-01  -1.1157579e+00  -6.1863118e-01  -6.6066027e-01  -7.3320060e-01  -6.6008367e-01
   2.0000000e+00   5.4000030e-01   3.8756141e-01   1.3233630e+00  -2.0727463e+00   1.0425683e+00   5.1236279e-01
   2.0000000e+00  -8.9165370e-01  -1.4374600e+00  -5.4024598e-01  -1.2002685e-01  -4.7785678e-01   3.3416969e-01
   2.0000000e+00  -6.2475888e-01  -1.1927349e+00   8.3044835e-01   4.0104068e-01   1.7084754e+00  -2.5473379e-02
   2.0000000e+00  -1.6113367e+00  -2.2592428e+00   8.9702666e-01  -2.0482338e+00   1.5136801e+00  -1.5778072e+00
   1.0000000e+00  -4.5149525e-01   1.1675555e-02  -3.5707364e-01  -1.5131872e-01  -2.8191944e-01   9.2299144e-01
   2.0000000e+00   2.1261995e-01  -7.5947879e-01   1.3612970e+00  -1.1898384e+00   7.3911130e-01   1.3355189e+00
   2.0000000e+00   2.1291579e-01   1.0063591e+00  -8.9847280e-02   1.7171858e+00   4.9747782e-01   9.2941222e-01
   2.0000000e+00  -2.1517183e-01  -8.9537030e-01   7.4012055e-01   3.8178829e-01   1.9172580e+00   2.6716817e-01
   2.0000000e+00   1.5539962e+00   9.5403676e-01  -8.9593772e-01  -1.5596972e+00   7.5695460e-01  -1.2121351e-01
   2.0000000e+00   1.0580418e+00  -2.1758118e-01  -3.4070383e-01   3.0799923e-01  -8.3230803e-01  -1.4445102e+00
   2.0000000e+00   1.1796939e+00  -1.0546600e+00   9.4916487e-01   3.8793118e-01   2.7188656e+00   2.7449936e-01
   2.0000000e+00   2.0590494e-01   1.0054897e+00  -1.7902613e+00   9.4929718e-01  -6.2685832e-01   2.0472764e+00
   2.0000000e+00  -1.0645722e+00   6.0971406e-01   4.9656771e-01  -8.5986635e-01   4.2695909e-01   7.1794371e-01
   2.0000000e+00   2.0888103e-01  -5.8332928e-01   3.5167262e-01  -1.6510052e+00   8.8238214e-01   4.1536986e-01
   2.0000000e+00  -6.9695089e-01  -7.5359288e-01  -5.3807878e-01  -7.5306661e-01   7.4248700e-01  -4.2521005e-02
   2.0000000e+00  -4.0784304e-01   8.4607142e-02   5.8829812e-01  -1.1524057e+00   4.1844644e-01   1.5160773e+00
   1.0000000e+00   1.0008330e+00   3.1570719e-01   3.3948054e-01   1.3839190e-01   2.5197971e-01  -5.1391522e-02
   2.0000000e+00   2.3354334e+00   1.4778934e+00   3.1968201e-02  -6.5724396e-01  -1.3643354e-01   5.6225912e-01
   2.0000000e+00  -4.5935115e-01   6.6351341e-01  -9.9168921e-02  -1.4897310e+00   1.6745717e+00  -2.3024419e+00
   2.0000000e+00   1.4301321e+00  -3.6627874e-01   7.0070237e-01   8.6316158e-01  -1.5025177e-01   2.1760114e+00
   2.0000000e+00  -9.1703498e-01  -1.3855542e+00   2.2591749e-01   5.9092417e-02  -1.1424234e+00  -1.5784073e+00
   2.0000000e+00   8.5248633e-01  -4.1770696e-01  -1.7718691e-01   1.9250117e-01  -1.0700909e+00  -7.4500779e-02
   2.0000000e+00   4.3053785e-02   4.9455069e-01  -4.0609705e-01  -1.0475942e+00   6.8280717e-02   1.0041142e+00
   2.0000000e+00   1.3286515e+00   1.8930601e-01  -1.3776386e-01  -1.3008972e+00  -2.3064868e-01   1.3341392e-01
   1.0000000e+00  -2.8959022e-02   4.2803566e-01   2.5534929e+00  -5.0679776e-01   7.8075881e-01  -1.2886999e+00
   2.0000000e+00   2.0958679e-01   1.1237156e+00  -1.4919118e+00   1.7148452e-01  -1.9849313e-01   2.5156162e-01
   2.0000000e+00  -9.0700223e-01  -2.0172206e-01   8.2605087e-01   2.6013232e-01  -1.4684117e+00   4.1035645e-01
   2.0000000e+00  -1.2963008e-01   8.5267123e-01   2.9596818e-01  -1.8547219e+00   1.1302272e+00  -3.4185511e-01
   2.0000000e+00   1.7916136e+00   6.9697012e-01   2.2481970e+00   8.2483527e-01   5.2836444e-01  -8.6825129e-01
   1.0000000e+00   2.9770229e+00   2.2237405e-01   2.0458014e+00  -1.2685882e-01   1.1181408e+00   2.2990603e-02
   1.0000000e+00  -3.5265121e-01   2.8923251e-01  -1.5579608e+00  -2.1850297e-01   8.4808413e-01  -1.6996435e+00
   2.0000000e+00   4.0049662e-01   6.7205481e-01   7.2179828e-02  -1.0084607e+00  -1.0042731e+00  -1.8515576e+00
   1.0000000e+00  -4.7240656e-01   4.8511268e-01   4.7734464e-01   2.1717414e-02   3.8071445e-01   7.7875653e-01
   2.0000000e+00   3.7890684e-01  -5.3588030e-01  -6.1430341e-01   6.0305144e-01   3.6868563e-01  -7.7891555e-01
   2.0000000e+00   1.0435561e-01   1.6322250e+00  -4.1125443e-03  -3.5787963e-01   6.8168189e-01  -4.8718248e-01
   1.0000000e+00  -2.1005857e+00   2.8817817e-01  -1.0594373e-03  -6.2271863e-01   1.5491605e-01  -9.0524461e-03
   1.0000000e+00  -1.3118208e-01   1.1818774e-01  -1.2690578e+00   1.1117996e-01  -6.2309104e-01  -1.2706291e+00
   1.0000000e+00   7.2964836e-01   6.1998229e-01  -6.4178503e-01   2.7258018e-01   2.9643544e-01   1.4652707e+00
   2.0000000e+00   3.2432587e-01  -4.6724840e-01  -8.2743684e-01  -1.9797678e+00   4.9487003e-01  -3.5541934e-01
   2.0000000e+00  -2.0764060e+00   9.2936386e-01   5.2706224e-02  -4.2497224e-01  -1.8484108e+00  -2.0460288e-02
   2.0000000e+00  -4.9707676e-01   8.3558662e-01  -6.0456232e-01  -8.4382816e-01   4.7644738e-01   1.7574830e-01
   2.0000000e+00  -2.7393366e+00  -6.9736773e-01  -5.1493238e-01   4.7963899e-01  -5.3421776e-01   7.8970097e-01
   2.0000000e+00   1.0326015e+00   1.0798843e+00   9.1133556e-02  -1.0241385e+00   3.1238186e-01   1.1729169e+00
   2.0000000e+00  -6.4311402e-01  -1.9450009e+00  -1.0871639e+00  -2.2107859e-02   1.2308881e+00   5.0696208e-01
   2.0000000e+00  -1.8820384e-01  -1.7723832e+00   5.2240794e-01   7.2734619e-01   7.5358590e-01   2.5597332e-01
   1.0000000e+00   4.8785560e-01   5.7212997e-02  -8.5389094e-01  -1.9731034e-01   1.7940343e+00   2.6428322e-01
   2.0000000e+00  -6.3086062e-01  -4.0868163e-01  -4.2091184e-01   1.2455573e+00  -6.5101598e-01  -1.0249057e+00
   2.0000000e+00   3.3902424e-01  -8.0265411e-01  -1.0834321e+00   6.0318416e-01  -1.6920248e-01   1.3541633e+00
   1.0000000e+00   2.2088061e-01   7.0436401e-01  -1.4536118e-01  -5.4004712e-01  -7.4400617e-01   3.4328323e-01
   1.0000000e+00  -1.0998682e+00   1.6100394e-01   1.8717776e-01   6.6368638e-01   3.4611965e-01  -6.9056594e-01
   2.0000000e+00   2.7699144e-01  -1.8099054e-01   9.9712450e-01  -1.8740887e-01   1.6739330e+00  -2.2624289e+00
   2.0000000e+00   1.0229263e+00  -1.6508297e+00   1.5762462e+00   1.5327101e+00   8.0076580e-02   4.3213333e-02
   2.0000000e+00  -7.2816389e-01   7.9697012e-01   1.2547220e+00   2.1945704e-01   1.9435441e+00  -4.1959822e-01
   2.0000000e+00  -1.5164569e+00  -7.4823097e-02  -3.4727950e-01  -6.0338275e-02  -1.5220883e+00   3.3916682e-02
   2.0000000e+00  -8.9189613e-02  -5.2072444e-01  -1.0073826e+00   4.9119148e-01  -9.7897841e-02  -2.9623324e-01
   2.0000000e+00   9.9107600e-01  -1.9025086e+00   1.0376731e+00   1.5471939e-01  -5.7252495e-01   1.3959945e-01
   2.0000000e+00  -7.7059248e-01  -4.5993790e-02  -6.3411512e-01   1.3978823e+00  -1.0636662e-01  -2.3331290e+00
   1.0000000e+00   7.1915732e-01   4.7130594e-01  -1.0968084e+00  -6.1662603e-01   1.3908314e-01   1.2761636e+00
   1.0000000e+00  -1.1633890e+00   5.5673860e-02  -2.5395764e+00   3.3062272e-01  -4.6824238e-02  -1.4254900e+00
   2.0000000e+00   3.6326129e-01   9.9498748e-01  -4.8249679e-01  -5.5205568e-01   3.3413112e-01   1.9220814e+00
   2.0000000e+00  -7.9083942e-02  -6.7497439e-01   2.9979415e-01   1.5143135e-01  -3.5481151e-01  -7.3295712e-01
   2.0000000e+00  -9.7209062e-01   1.3744478e+00  -2.9939998e-01   1.2177349e+00   1.6918538e+00  -7.3076553e-01
   2.0000000e+00   2.1186326e-01  -9.4037834e-01  -5.5928751e-01   5.2767896e-01   3.3376231e-01   5.8063491e-02
   2.0000000e+00  -2.0952076e+00  -2.3985611e-01   1.0271001e+00  -1.1099578e-01  -1.0896321e+00   6.2899513e-01
   2.0000000e+00   1.7343837e+00  -4.5483264e-01  -3.8429346e-01  -8.3234587e-01  -7.5926193e-01   1.3113835e+00
   1.0000000e+00  -6.5054768e-01   4.4877435e-01  -2.6337404e-01   1.4719255e-01  -8.2861545e-01   9.8420574e-01
   2.0000000e+00  -2.3444263e+00   1.3280984e+00  -1.6768887e-01   3.4245464e-01   2.8983149e-01  -1.3725782e+00
   1.0000000e+00   9.9613245e-01   3.5078833e-01   8.2096384e-01  -1.0083159e-01   3.7040339e-01   2.0019287e-01
   1.0000000e+00   3.1371001e-01   6.1326305e-01   5.9199414e-01  -1.9635763e-01  -6.8122506e-01  -2.2081530e+00
   2.0000000e+00   3.8392140e-01  -3.6732316e-01  -8.4025891e-01  -5.2445058e-01  -1.0739214e+00   3.5405586e-01
   2.0000000e+00   1.2796538e+00   1.8370032e+00   4.9708507e-01  -6.1009781e-01  -8.8457216e-01   8.8285115e-01
   2.0000000e+00  -8.5859174e-01   2.4416284e+00   2.3564855e+00  -1.7029279e+00  -7.3374237e-01  -1.1219921e+00
   2.0000000e+00   2.0345705e+00  -7.1826712e-01  -7.6240359e-01  -6.1531809e-01   3.8937858e-01   6.4863798e-01
   2.0000000e+00   1.2097689e+00  -7.3948999e-02  -1.9308470e+00   5.2368694e-02  -4.5317549e-01   1.2212955e+00
   2.0000000e+00   1.9696411e+00   1.2814102e+00   9.2594034e-01   5.7458902e-01   5.6630971e-01  -1.2022899e+00
   2.0000000e+00   8.8890274e-01  -1.8618139e-01   5.2470874e-01   3.8642214e-02   1.3586412e+00   6.4060790e-02
   2.0000000e+00  -9.4688084e-01  -8.3012307e-01   9.5070104e-01   1.1050846e+00  -5.9762884e-01  -5.5400564e-02
   2.0000000e+00   1.0177301e+00   1.1285851e+00   1.9621460e+00   5.7816081e-01   1.8885784e-01   3.1881846e-01
   2.0000000e+00  -1.9232767e+00   2.9105318e-01   9.3060241e-01   1.2298879e+00   1.7896774e-01   5.0515876e-01
   2.0000000e+00  -8.2967318e-02  -2.5937521e-02   1.1348173e+00   3.6160250e-02   4.5712121e-01  -1.7392468e+00
   2.0000000e+00   1.0752502e-01  -1.1994689e-01  -1.5365129e-01   1.2200171e+00  -7.3345865e-01  -1.6814145e-01
   2.0000000e+00   7.8551260e-02  -4.6521550e-01  -2.0719556e-01   1.3587570e-03   8.5114306e-02  -2.5239174e-01
   2.0000000e+00  -6.2752189e-01   1.9261565e-02  -6.9466985e-01  -1.9140124e+00  -1.0110277e-01  -2.3153065e+00
   2.0000000e+00  -1.0711522e+00  -8.5661586e-01  -1.3750027e+00   8.2408512e-02   1.0410749e+00  -1.3472627e+00
   2.0000000e+00  -5.7464935e-01  -9.4218336e-01   1.1513675e+00   6.8452207e-01   5.2817904e-01   1.3428340e+00
   2.0000000e+00   8.0017151e-02  -7.5109156e-01  -1.2546543e+00   2.2661919e+00  -5.3233540e-01   5.4239721e-03
   2.0000000e+00  -9.3111767e-02  -3.2075481e-01   3.4388730e-04   9.6169975e-01   1.4490274e+00   3.1624115e-01
   1.0000000e+00  -9.7740007e-01   5.4928585e-01   1.0519613e+00   2.1489949e-01   1.5725083e+00  -1.1831037e+00
   2.0000000e+00   1.9416042e+00  -3.7449886e-01   9.4207259e-01  -1.5706270e+00   5.2437253e-01   1.5233524e+00
   2.0000000e+00   4.3644429e-01  -1.7748750e+00   1.1082571e+00   4.6931698e-01  -3.0244097e-01  -7.3581897e-01
   2.0000000e+00   7.5206072e-01  -5.5420714e-02  -1.7933743e-01   4.1982386e-01   5.3931285e-01   1.4455029e+00
   2.0000000e+00  -1.3880377e+00   1.6685930e+00  -2.8867425e-01  -1.6590841e+00  -2.4076093e-01   3.0813746e-01
   2.0000000e+00  -2.3605759e-01  -6.9606177e-01   1.2442314e+00   3.5659717e-02  -9.7539655e-01   1.0308511e+00
   2.0000000e+00   2.4027315e-01   1.4408690e+00  -7.1951247e-01   1.4300398e+00  -4.2199654e-01  -2.8602161e-01
   2.0000000e+00   8.8457230e-01   1.5040381e+00  -8.5013859e-01  -1.8181945e-01  -2.1456695e+00  -9.0899863e-01
   2.0000000e+00  -8.7820012e-01   2.0618211e-01   2.5533574e-01   1.4493475e+00  -1.9100003e-01   3.5633753e-01
   2.0000000e+00  -7.9797427e-02   7.7046465e-01   6.5614415e-01  -1.4150629e+00  -7.1029971e-01   7.3774968e-01
   2.0000000e+00  -1.8732262e-02  -4.5492980e-01   8.1912219e-01  -1.8626391e-01   5.5114561e-01  -6.9780806e-02
   2.0000000e+00   2.5556195e-01  -3.6659100e-03  -1.6833179e-01  -8.1290687e-01   9.9646688e-01  -9.0785327e-01
   2.0000000e+00   1.9177201e+00  -1.4963902e+00  -4.5767156e-01  -2.4945342e-02   9.0936294e-03   8.8739824e-01
   2.0000000e+00  -1.5782191e+00  -3.0894545e-01  -1.0374027e+00  -2.4240578e-01  -1.1223766e+00   5.1626259e-01
   2.0000000e+00   1.0148449e+00  -2.9305764e+00  -1.5662456e+00   2.1895256e+00  -1.1777812e+00  -1.0692823e+00
   2.0000000e+00   6.1095148e-01  -6.3684578e-01  -1.1064536e-01   3.9685496e-01   4.0294232e-01   1.7270406e+00
   1.0000000e+00   5.7474506e-01   3.3964135e-01  -1.0618220e-01  -5.8569488e-02   1.6905181e+00   6.6723240e-01
   1.0000000e+00  -1.2104804e-01   2.0120678e-02  -1.2786293e+00  -5.5034071e-01   1.5024308e+00   1.1976783e+00
   2.0000000e+00   4.4230267e-01   4.3622280e-01  -1.3425886e+00  -1.9570976e+00   1.0305041e-01  -6.9256806e-01
   2.0000000e+00  -5.1328284e-01  -1.9269625e+00  -1.6398615e+00   2.8918584e-01  -1.5346610e+00   1.0239106e+00
   2.0000000e+00   1.5701889e+00   1.1575874e+00   3.3385912e-01   5.3657961e-01   1.0136353e-01   8.0029165e-01
   2.0000000e+00   7.8895211e-02  -4.0757696e-01  -1.2830179e-01   3.5081326e-01   1.4465917e+00  -1.8021351e+00
   2.0000000e+00   2.3484286e+00  -1.1101905e-01  -2.0499891e-01   3.7123533e-01  -1.6006220e+00  -7.4354937e-01
   2.0000000e+00  -1.4818163e-01  -6.0995491e-02   1.5884359e-01  -6.3936459e-01   1.0871909e+00   4.0245654e-01
   2.0000000e+00  -1.1621945e+00  -2.9309355e+00   9.6835118e-01  -1.2265766e+00   4.8551454e-01  -1.4781775e+00
   2.0000000e+00  -5.3215931e-01  -2.6518446e-01  -3.6582350e-01  -2.6434835e-01   1.9211208e+00   1.8931648e-01
   2.0000000e+00  -5.8535887e-01  -1.4713902e+00   5.8160379e-01  -1.3032863e+00  -8.1121866e-01   2.1277644e+00
   2.0000000e+00   5.4863489e-01  -2.0923350e+00   1.0977872e+00   4.9144615e-01  -9.3530024e-01  -6.4782295e-01
   2.0000000e+00  -8.6241467e-01   3.8610659e-01   4.0537012e-01   1.0642590e+00   2.1615359e-01   5.9901870e-01
   1.0000000e+00  -2.4208712e+00   4.3957010e-01   1.2370227e+00   1.8710764e-01   5.1167219e-01   3.4838031e-01
   1.0000000e+00   7.2769461e-01   3.0861791e-01   7.6649830e-01   3.3173537e-01  -1.1795955e-01   1.3315243e+00
   1.0000000e+00  -1.7975514e-01   1.9050651e-01   7.5216309e-01   6.0685493e-01  -1.3868552e+00  -2.1035815e+00
   1.0000000e+00  -5.4741561e-01   1.8609771e-01  -1.2746077e+00   2.0383027e-01   3.9049603e-01   6.5684151e-01
   2.0000000e+00   7.5014770e-01  -6.5588433e-01  -2.6213517e-01  -1.6044363e+00  -7.7662443e-01   1.1169244e+00
   2.0000000e+00  -1.7432050e-01  -3.3167042e-02   1.5427247e+00  -5.0351759e-01  -7.1252107e-01   4.4711000e-01
   2.0000000e+00   1.8990407e+00  -1.5474404e+00  -1.2507923e+00   8.1580623e-01  -8.5419018e-01   1.6803473e+00
   1.0000000e+00  -3.1017663e-01   2.2421607e-01   2.6986788e+00   8.9504725e-01  -5.8740759e-01  -1.8828260e-01
   2.0000000e+00  -5.5079950e-01   1.5272378e+00  -2.6029986e+00  -1.7575808e-01   1.8488298e-01  -2.4540166e-01
   2.0000000e+00   4.9266660e-01  -7.2651581e-01   8.0580263e-01  -6.0549411e-01  -1.1357883e+00   1.1641684e+00
   1.0000000e+00   1.5057136e+00   6.7748079e-01  -1.9301986e+00  -5.1157906e-01  -5.3128162e-02  -1.1345675e+00
   2.0000000e+00  -1.5865054e+00  -1.6607733e-01   8.1141113e-01  -4.1174559e-02  -2.5573840e-01   7.0907991e-02
   2.0000000e+00   1.0620151e+00   1.6678492e+00   2.4086254e-01   8.7569502e-01   6.4425865e-01  -3.5749800e-02
   2.0000000e+00   4.9169721e-01   2.4248352e-01   8.4140515e-01  -1.9007377e+00   6.6113927e-01   1.7375387e+00
   1.0000000e+00   1.0283929e-01   4.7043854e-01   8.2768206e-01   7.7489944e-01   1.1452880e+00  -1.0495156e+00
   2.0000000e+00  -1.8857711e+00   7.1188711e-01   6.3313432e-01   1.1232659e+00   1.3528285e+00   4.0872098e-01
   1.0000000e+00  -2.3484834e+00   7.8120607e-01  -5.6216445e-01   1.5911804e-01  -1.0423965e+00  -1.7187420e+00
   2.0000000e+00   6.4374716e-01  -4.4908525e-01  -1.2673846e-01   4.1473918e-01  -5.1771240e-01   1.3181920e+00
   2.0000000e+00   4.2410341e-01   1.3014182e+00   1.0381339e+00   3.8278790e-01  -1.2940007e+00   2.0529718e-01
   1.0000000e+00   1.7886474e-01   2.1116938e-01  -1.7440542e+00   2.2883330e-01  -8.3781184e-01  -1.2301833e+00
   2.0000000e+00  -2.2771718e-01  -2.0013691e-01  -1.2829673e+00  -2.0544101e+00   1.0587132e+00   1.4939756e+00
   2.0000000e+00  -3.0620538e-01   1.7530119e-01   7.4155275e-01   2.2426041e+00   1.2504936e+00  -1.7029853e+00
   2.0000000e+00   8.7392681e-01   9.1513972e-01  -7.1113966e-01   1.8095899e+00  -9.9876659e-01   6.0884500e-01
   2.0000000e+00  -5.3683738e-01  -3.3258621e-01   5.7987605e-01  -1.2573645e-01  -6.4653154e-01   2.7332353e-01
   2.0000000e+00  -3.9781770e-01   1.4255771e+00  -8.0671644e-01   2.1646415e-01  -2.3419643e+00   8.0325727e-01
   2.0000000e+00  -1.2802441e+00   5.5197557e-01   1.7148376e-02  -1.0206511e+00  -1.2524824e-01  -3.8603499e-01
   2.0000000e+00  -7.0363179e-01  -6.6382797e-01  -7.9315983e-01   1.5588527e-01  -5.0277724e-01  -2.3976536e+00
   1.0000000e+00  -8.4138282e-01   6.7326670e-02  -2.9086147e-01  -5.1150811e-01  -5.0816071e-01   5.7485875e-01
   2.0000000e+00  -7.9020892e-02  -4.8864604e-01  -1.0145445e+00   1.4268052e+00   5.6123647e-01   8.6050375e-01
   2.0000000e+00   6.3517110e-01   8.2883505e-01  -1.4612123e+00   7.3706637e-01  -1.6210625e-01   1.6837095e+00
   2.0000000e+00   8.3951385e-01  -3.6577169e-01  -3.0892934e-01  -9.3209463e-01   5.9663979e-03   1.7542406e+00
   2.0000000e+00   4.4038731e-01  -1.1061805e+00   1.2122290e+00  -1.4117501e+00   5.0651291e-01   9.0807516e-02
   2.0000000e+00   5.9034185e-01  -8.5825509e-01   3.5793761e-02   7.5390396e-01  -1.0323930e+00   8.0696390e-01
   1.0000000e+00   7.2620004e-01   8.9531830e-02  -9.5382627e-01   2.3758182e-01   9.9241226e-01  -1.0960589e-01
   2.0000000e+00   1.4933201e-01   2.3241230e+00  -4.1427670e-01  -1.0372761e+00   2.6464020e-01   1.6628932e+00
   2.0000000e+00  -1.1303105e+00  -7.1330831e-01   6.7659617e-01  -1.2280471e+00  -4.4708720e-01   8.7268091e-01
   1.0000000e+00   8.5033187e-01   4.7673809e-01   4.3670017e-01   8.5614291e-01  -7.9932407e-01  -1.5881057e+00
   2.0000000e+00  -2.7622401e-01  -1.4574155e+00  -1.7972331e+00   1.2350431e+00  -1.0110039e+00   6.4677342e-01
   2.0000000e+00   1.9496704e-01  -1.6443131e-01  -1.3089922e+00  -1.8636122e+00   5.0246470e-01   4.2593969e-01
   2.0000000e+00  -2.4932494e+00  -8.7038150e-01  -1.2437191e+00   8.8004784e-01   3.6297159e-02  -9.8806318e-01
   2.0000000e+00   8.1887778e-01   1.7203447e-02   6.0472628e-01  -1.5503327e+00  -4.7640745e-01   2.0922292e-01
   2.0000000e+00   1.1589125e+00   5.6979309e-01  -1.4496472e-01  -2.0357151e+00   5.4598008e-01   5.7386287e-01
   2.0000000e+00  -9.4138757e-01  -7.1627331e-01  -1.0493066e+00   1.4097512e+00  -1.3440718e+00  -7.9384830e-01
   1.0000000e+00  -4.3920088e-01   5.5660639e-01   6.7683755e-01  -4.4864879e-01   1.7642321e+00   1.9849132e+00
   2.0000000e+00   4.8824840e-01   2.8581160e-01  -1.1506078e-01  -2.7088944e+00  -1.3720709e+00  -1.1315714e-01
   2.0000000e+00  -1.3517571e+00  -3.5686825e-01   1.5618884e+00   8.0156370e-01  -1.9043004e+00  -1.9219610e-02
   2.0000000e+00  -3.9616874e-01  -1.7953492e-01   6.0731134e-01  -1.9650194e+00  -1.4488070e+00   1.3260676e-01
   2.0000000e+00   5.6962001e-04  -1.2474316e-01  -2.0468994e+00   5.2026417e-01   9.7821961e-01  -6.1661028e-01
   2.0000000e+00   3.0983704e-01  -3.2766988e-02   3.5472389e-02   1.4248125e+00  -1.6099803e+00   2.5950973e-01
   2.0000000e+00   4.3726881e-01   9.7814007e-01  -1.2563947e+00   5.1961470e-01   2.4985060e-01   2.8338883e-01
   2.0000000e+00   1.5904255e+00   9.7303545e-01  -8.2545048e-01  -1.4275908e+00  -1.0620146e+00  -7.0263836e-01
   2.0000000e+00  -7.5154749e-01   1.5174595e+00  -1.1229559e+00  -1.3122058e+00  -1.2145228e+00  -8.4436004e-01
   2.0000000e+00  -5.0719259e-01   2.2151687e-01  -3.3813283e-01  -1.1057382e+00   6.3002136e-02  -5.8176904e-01
   1.0000000e+00  -8.5086043e-02   1.6951739e-01   4.1012922e-01   4.4183536e-01   2.7093638e-01   6.4626474e-01
   2.0000000e+00   1.8881997e+00  -8.3354742e-01   2.2542077e+00  -2.0818593e-01   1.0270232e+00   1.2220185e+00
   2.0000000e+00  -2.4244002e-01   1.3280437e+00  -8.7401470e-01  -6.8717242e-02   1.0799403e+00  -3.3794502e-01
   1.0000000e+00  -1.6410064e+00   8.8918744e-03   1.3151852e-03   4.9643003e-01  -8.3189148e-02   8.4545006e-01
   2.0000000e+00   1.6472979e+00  -1.8392765e+00  -1.6905386e+00  -1.1285674e-01  -1.0160793e+00  -2.7129146e-01
   2.0000000e+00   5.1377072e-01   1.0197984e+00   5.0297966e-01  -7.6628580e-01  -2.0173766e-01   4.7488199e-01
   1.0000000e+00   1.2336527e+00   1.2050662e-01  -6.0985405e-01   6.5668611e-01   5.9117213e-02   1.0781824e+00
   2.0000000e+00   2.4379318e+00   1.3408679e+00   1.4141137e+00   9.6905506e-01  -1.5055564e+00  -1.1853732e+00
   1.0000000e+00  -9.6542458e-01   4.6004466e-01   7.9072708e-01   4.5160364e-01   9.9424186e-01  -2.3662290e-01
   1.0000000e+00   7.5954301e-01   1.6597037e-01  -1.4324781e-01  -4.3665754e-01  -1.9255135e+00  -1.8530991e-01
   2.0000000e+00  -1.3438093e-01  -1.3018540e-01   2.7641610e-01  -7.2835440e-01   3.0064733e+00  -5.5006060e-01
   2.0000000e+00   3.8904639e-01  -9.7732584e-01   1.7752454e-01  -1.6548391e+00  -1.2237822e-01   5.5777356e-01
   2.0000000e+00  -6.0497496e-01   1.2087199e+00  -3.2652865e-01   2.5681197e-01   6.2138627e-01   1.4578925e+00
   2.0000000e+00  -1.4705299e+00  -1.7192065e+00   9.3026009e-01   7.5092113e-01  -1.1312224e+00   9.3525162e-02
   2.0000000e+00  -8.1455806e-01  -1.1694888e+00   9.4639258e-01   2.4953652e-01  -2.4148020e-02   6.0218555e-01
   2.0000000e+00   1.1308202e+00  -3.2852278e-01   4.8425081e-01  -1.0126314e+00   6.7092540e-01   2.4064169e+00
   1.0000000e+00   1.0109274e+00   5.2158252e-01   1.7081778e+00   3.5047675e-01  -1.9194214e+00   5.9040662e-01
   2.0000000e+00   2.0262428e+00  -4.0003060e-01  -1.0031284e-01   1.0905756e+00  -1.3934965e-01  -2.6074782e+00
   2.0000000e+00  -1.6253328e+00  -7.0299709e-01  -1.2117669e-01   1.3420548e+00  -2.4565198e-02   1.4685745e-01
   2.0000000e+00  -2.0866408e+00   7.0599689e-01   1.9411428e+00  -1.0007791e+00   3.7270209e-01   1.3299643e+00
   2.0000000e+00  -6.9494191e-01  -7.3750941e-01   1.9940081e+00  -6.1807316e-01   1.4870242e+00   3.2728122e-01
   1.0000000e+00   8.5312679e-02   3.8151756e-01  -2.4799355e+00   7.0965210e-01  -1.9001070e+00   5.2654092e-01
   2.0000000e+00   5.1670303e-01  -3.5144385e-01  -3.7238449e-02  -6.1141296e-03   6.6603120e-01  -1.8675727e+00
   2.0000000e+00   3.9735042e-01   6.2709510e-01   1.0210626e+00  -1.3351500e+00   1.1742933e+00  -2.2379372e-01
   1.0000000e+00  -8.2563396e-01   5.7029128e-01   5.1817068e-01  -5.3215329e-01  -2.7892222e-01  -2.2314919e-01
   2.0000000e+00   2.3817812e+00  -2.8544866e-01   1.3142021e+00   1.1625659e+00   9.9314518e-01  -1.7378362e-01
   1.0000000e+00  -1.1674235e+00   6.0400256e-01  -1.2442984e+00  -2.8846128e-01   7.0687288e-02   2.6345020e-01
   2.0000000e+00  -2.8870889e-01   1.5934526e+00   1.0112644e+00   9.2647078e-03  -1.3772396e+00  -1.5508759e+00
   1.0000000e+00  -4.1418158e-01   1.5077130e-02   1.0888667e+00   3.7820435e-01  -1.5538268e+00   1.7552879e-02
   1.0000000e+00  -8.6510576e-01   9.5580323e-01  -1.8325353e+00   1.1357296e-01  -1.1038300e+00  -2.4146054e-01
   2.0000000e+00  -5.3496857e-01   2.0930546e+00   6.2499098e-01  -6.1144154e-01   2.4531247e-01   6.0619813e-01
   2.0000000e+00   7.1126008e-02  -2.8101258e-01   5.8552579e-01  -5.7764008e-01   1.6081603e+00  -7.0259030e-01
   1.0000000e+00  -1.0022606e+00   2.9653867e-02  -1.5831557e+00   4.9028598e-01   1.8071861e+00  -3.3790770e-01
   1.0000000e+00   6.7411704e-01   3.8946564e-01  -1.0089904e+00  -2.1665457e-01   2.6836837e-01   2.2608519e-01
   2.0000000e+00   1.7071425e+00  -9.9703904e-01   1.4025919e+00   2.2850375e-01  -7.0353703e-02   7.8060353e-01
   2.0000000e+00  -6.4449990e-01   1.2091629e+00  -2.6531459e-01   9.1901338e-01  -1.5738642e-01   6.6728482e-01
   2.0000000e+00  -1.2127504e+00  -1.0006083e+00  -1.5741608e+00  -1.5026108e+00   1.4179333e+00  -7.5212715e-01
   2.0000000e+00  -6.9758256e-01  -2.0295087e+00   7.0073041e-01  -1.2909043e-01  -1.4666117e+00   1.9356036e-01
   2.0000000e+00   6.7174436e-01  -1.5460908e+00   1.9375978e+00  -1.6441163e+00  -7.6861063e-01  -2.9268164e-01
   2.0000000e+00   1.2865741e-01  -7.9816831e-01  -1.0504190e-01  -9.0208822e-01   1.3528239e+00  -3.7088166e-02
   2.0000000e+00  -7.5029577e-01  -3.5581142e-01   8.1065234e-01  -7.1049245e-02   9.8865827e-01  -6.6296133e-01
   2.0000000e+00   9.6377973e-01  -1.4057637e+00  -4.6856130e-03  -5.0869414e-02   8.5367989e-01   1.0049329e+00
   1.0000000e+00  -8.5551427e-01   3.6364874e-02   1.2641744e+00   1.0312636e-01  -9.1828848e-01   6.1807505e-01
   2.0000000e+00  -7.8687151e-01   6.2039622e-01   1.1973724e+00   1.4823494e+00   1.0093770e+00   3.5064263e-01
   2.0000000e+00   1.9855894e-01  -7.8075330e-01   3.2988600e-01  -8.4192861e-01   8.7664855e-01   1.9481464e+00
   2.0000000e+00  -5.1260576e-01  -6.1187006e-01   6.1875085e-01  -1.1102748e+00   2.2984348e+00   2.0769806e+00
   2.0000000e+00  -1.0183594e+00   1.6925395e+00   3.5120101e-02   1.2856794e+00  -5.2191736e-01   1.5277373e+00
   1.0000000e+00  -4.2813841e-03   4.2161250e-01  -1.2850273e+00   8.9473457e-01   5.9817411e-01   1.2010478e+00
   2.0000000e+00   1.6265617e+00   1.1406870e+00   1.0194717e-01   2.2661549e+00  -1.0245899e+00   4.1093273e-01
   2.0000000e+00   1.6961356e-02   1.5137670e+00  -9.3754414e-01   4.3149491e-01   7.9555706e-01  -9.3292431e-02
   2.0000000e+00  -7.1867698e-01  -6.3225636e-01  -7.3165520e-01   1.4276730e+00  -6.8487598e-01   4.4985494e-01
   2.0000000e+00  -1.0111688e+00   1.8806917e+00  -1.3581148e+00   3.7456436e-01  -1.3656019e-01  -5.2412429e-02
   2.0000000e+00   6.4327331e-01  -4.1931570e-01  -1.2868621e+00  -1.6475521e+00  -1.9285788e+00   1.7869966e+00
   2.0000000e+00  -4.4263525e-01  -9.6327967e-01  -9.6851946e-01   1.6030734e+00  -5.9427141e-01   1.0041310e+00
   2.0000000e+00  -1.2397923e+00   2.2973314e+00   4.4591057e-01  -6.0962968e-01   2.2012698e-01   1.2594851e-01
   2.0000000e+00  -5.9327715e-01  -2.7997661e-01  -6.7206108e-01   1.0692044e+00   1.2795883e+00   5.9810241e-01
   2.0000000e+00   8.9738764e-01  -1.0891349e+00  -6.4643382e-02  -1.2991524e+00  -5.6171392e-01   6.1539659e-01
   2.0000000e+00   2.8843118e-01  -8.1735133e-01   4.6135945e-01   1.0506418e+00   2.4070664e-01  -4.2921912e-01
   1.0000000e+00  -1.7672594e+00   5.0096242e-01  -7.7926865e-01   2.7914309e-01  -1.7104136e+00  -5.1829686e-01
   2.0000000e+00   4.8763252e-01  -5.4635164e-02   2.5685436e+00  -1.3071982e+00  -3.6829398e-01   2.9615396e-01
   2.0000000e+00   4.3783868e-01  -9.7039022e-02  -3.2732004e-01   1.2338814e+00  -7.9850462e-01  -2.0680923e-01
   2.0000000e+00  -1.0694456e+00   1.0122009e+00  -1.5959799e+00   8.2034975e-01   1.8983378e+00   6.3904253e-01
   2.0000000e+00   1.9558261e+00  -1.0535566e+00   4.2494137e-01  -1.0962167e+00  -1.0129947e+00  -1.7898744e+00
   2.0000000e+00   1.0613871e+00   1.6590704e+00  -3.5064304e-01  -9.3158861e-01   1.0272551e+00  -3.1095928e-01
   2.0000000e+00   2.4061807e-01   9.0446260e-01  -9.7885690e-01   5.0250224e-01   1.4879186e+00  -2.0317029e-01
   2.0000000e+00   2.0329918e+00   5.6876622e-01  -7.9870397e-01   2.5789768e+00   1.4959158e+00   1.6161530e+00
   2.0000000e+00  -7.4136436e-02  -1.5735397e+00   1.9443683e+00  -7.6825428e-01   2.2034635e-01   1.1895610e+00
   2.0000000e+00   5.9241271e-01  -1.0377302e+00  -8.4617431e-01  -1.0897660e+00  -1.9559752e-01  -7.8073837e-01
   2.0000000e+00  -4.6607678e-01  -5.4919907e-02   2.6619931e-02   1.5720498e-01  -2.2581262e+00  -1.1423560e-01
   1.0000000e+00  -5.6499058e-01   1.5732921e-01   1.1302624e+00   8.3170510e-01  -9.0130174e-01   2.2959004e+00
   2.0000000e+00   1.9448237e+00  -6.7411236e-01   1.7504916e+00  -6.0037249e-01   3.9964772e-01   8.1090881e-01
   1.0000000e+00  -4.0815898e-01   4.3045234e-01  -3.4074451e-01   5.3325736e-01   1.3754429e+00   2.8338047e-01
   1.0000000e+00  -8.9209752e-01   4.3778452e-01  -7.7395391e-01  -6.3412573e-02   1.4570562e+00  -6.2163711e-02
   2.0000000e+00  -7.2778434e-01   1.0697914e+00   1.5936956e+00   4.3206561e-02  -1.1667106e+00  -3.5627365e-01
   2.0000000e+00  -1.5277019e+00  -4.8264668e-01   2.8439645e-01  -1.7231325e+00  -6.3355086e-01   1.4936358e+00
   2.0000000e+00  -1.0663982e+00  -1.4952301e-02  -5.4613820e-02   3.4784009e-01  -1.2446084e+00  -6.8681846e-01
   2.0000000e+00  -1.3364794e+00  -1.2112090e-01  -2.1593966e-01  -7.4755261e-01   1.9074840e+00   7.3425657e-01
   2.0000000e+00   1.1687929e+00  -3.6816047e-01   5.6325131e-01   7.4995131e-01  -2.9918536e-01   2.4619912e-01
   2.0000000e+00  -7.3617892e-01  -1.2889455e+00   1.0473028e+00   9.7469047e-01  -4.3603992e-01  -1.7204681e-01
   2.0000000e+00  -1.5347885e+00  -8.0976563e-02   7.6169766e-01   1.6167866e+00   7.1903533e-01  -1.0571242e+00
   2.0000000e+00  -9.7320608e-01  -2.0211935e-01  -1.2403959e+00   1.8375048e+00   6.1264179e-01  -8.8309467e-01
   2.0000000e+00  -6.8177560e-01   2.5204944e+00  -2.9086165e-01  -1.6465356e+00  -1.5724043e+00   1.3033976e+00
   2.0000000e+00   1.5137322e+00  -7.3798917e-01   9.6223358e-01   6.6248626e-01  -3.6421202e-01  -1.4756263e+00
   1.0000000e+00  -7.7401533e-01   7.5493220e-01   1.1656400e+00  -1.9325106e-01  -4.7162099e-01   1.2140396e-01
   2.0000000e+00  -3.5695613e-01  -1.6007897e-01  -7.1835304e-01   7.0218204e-01  -1.0169453e+00  -6.7369445e-01
   2.0000000e+00  -4.7541302e-01   6.8484236e-01   6.3487806e-01  -1.0234366e+00  -1.9030151e+00   7.6798855e-01
   2.0000000e+00  -2.9532048e-01   1.2032865e+00  -9.7524156e-01  -1.5797163e+00  -1.0392738e-01  -2.7200383e-01
   2.0000000e+00   1.2946867e+00  -5.1109685e-01   1.0539280e+00  -1.6217174e-01   8.9912785e-01  -7.6794042e-02
   2.0000000e+00   6.1995793e-01  -8.8181135e-01   4.5581959e-01  -9.6963412e-01   1.0307742e+00  -1.1585041e+00
   2.0000000e+00  -3.1209073e-01   4.8500189e-01  -6.6676896e-01  -1.4231013e+00  -3.6482885e-01  -2.2392970e-02
   2.0000000e+00   9.3353374e-01   1.1508942e+00  -9.2960364e-01  -5.0314522e-01   1.8307543e+00   2.0088658e-01
   2.0000000e+00   3.8589686e-01   1.1455731e+00   3.0068846e-01   1.8506641e-01  -1.2517032e-01  -2.0029825e-01
   1.0000000e+00  -4.1934883e-02   9.2766761e-01   6.0634703e-01   2.8808724e-02  -3.4313768e-01  -2.5497743e-01
   2.0000000e+00   7.4802179e-01   1.0918713e+00   9.4029406e-01   1.7612205e+00   1.4829637e-01  -6.1017142e-01
   1.0000000e+00  -5.3706420e-01   5.3570579e-01  -9.7687711e-02   5.0231342e-01   1.7370825e-01   1.1037284e+00
   2.0000000e+00  -4.7634401e-01  -2.1704387e+00   1.7287939e-01   1.9110535e+00  -2.8086664e-01  -1.0899259e+00
   2.0000000e+00   1.0180220e+00   2.3361217e-01   1.0531626e+00   1.1994055e+00   3.0486950e-01  -8.4335679e-01
   2.0000000e+00   3.5988319e-01   2.6397673e-02   5.4407202e-01  -1.0599253e+00   3.1965117e-01   5.0781607e-02
   1.0000000e+00   5.6615811e-01   2.9047381e-01  -1.6104006e-01  -3.1595205e-01   9.5034746e-02  -1.8084597e+00
   2.0000000e+00  -1.2933329e+00  -8.4892601e-01  -1.0367648e+00  -7.5314818e-01  -1.7446470e+00   8.0397271e-02
   2.0000000e+00   3.7311418e-01  -1.6928158e-01   2.4677910e+00  -7.1294565e-01  -3.4721624e-01   5.2520595e-01
   1.0000000e+00  -9.0569220e-01   6.3690635e-01   1.3037001e+00   6.3963725e-01   1.0234797e+00   1.4661590e+00
   2.0000000e+00  -1.2550872e-01  -1.2428065e-01  -1.2340435e+00   3.5868316e-01  -1.0629572e+00   1.9004160e-01
   2.0000000e+00  -8.4075782e-02  -1.1178457e+00  -2.4071538e+00   2.0725789e-01  -1.0497083e+00  -2.0135341e+00
   2.0000000e+00  -1.2274007e+00  -2.3244890e+00  -2.4342299e+00  -8.2643906e-01   8.9118075e-02   1.4588604e+00
   2.0000000e+00   4.1933017e-01   1.5020551e+00  -3.5181383e-01   7.1244142e-01   5.1330647e-01   1.3004871e+00
   2.0000000e+00   4.3855988e-01  -9.8549305e-01  -3.1730566e-01   1.4590726e-01   2.7838015e+00  -1.8289485e+00
   2.0000000e+00  -2.9946682e+00  -8.4123776e-01   5.0649768e-01   5.8968506e-01   4.4453709e-01  -1.4527969e-01
   2.0000000e+00   2.5283052e-01  -7.6433152e-01   1.5007021e+00  -7.2613114e-01  -1.1723133e+00  -1.2320992e+00
   2.0000000e+00  -3.8434134e-01  -3.7136172e-01  -3.2555476e-02  -9.5624747e-01   2.2964904e+00  -5.5146251e-02
   2.0000000e+00  -3.4847686e-01   1.3554424e-01   5.6062699e-02  -1.3090402e+00   2.4074773e+00  -1.4611567e-01
   1.0000000e+00  -1.4760662e-01   2.0717851e-01  -7.9516267e-01  -8.3780962e-01   3.2224824e-01  -4.0989557e-01
   2.0000000e+00   3.4873033e-01   1.2714650e+00   9.1984944e-02   1.0465871e+00  -8.9601084e-01   9.3118085e-01
   2.0000000e+00  -2.9931716e-02  -6.1107058e-01  -8.2132467e-01   1.1219622e+00   1.6250638e+00  -2.1757998e+00
   1.0000000e+00   1.8494350e+00   6.5286871e-01  -2.0075004e-01  -1.4159964e-01   7.7806354e-02  -1.0415018e+00
   2.0000000e+00   7.8464358e-01   7.5803500e-01  -5.3484107e-01   1.7390203e+00  -7.9853877e-01   5.0477330e-01
   2.0000000e+00   5.4694153e-01  -7.6899621e-01   1.3618745e-01   5.9504799e-01   7.5816247e-01  -3.5725104e-01
   2.0000000e+00   7.1278568e-02  -1.7203343e-01  -8.6434303e-01   4.6179279e-01  -1.1825417e+00  -4.8103724e-01
   1.0000000e+00   4.0370050e-01   9.6046141e-01   1.1266897e+00  -2.6145406e-01   7.9433413e-01   1.0186365e+00
   2.0000000e+00  -6.0544452e-01  -9.5676885e-01   1.4802242e+00   1.4330479e-01  -5.8717116e-01   2.3570050e-01
   2.0000000e+00  -1.5815395e+00  -4.1025140e-01  -2.4885699e-01  -8.2392463e-01  -1.6146870e+00   1.2390664e+00
   2.0000000e+00   1.5539713e-01  -1.1874451e+00  -5.3039415e-01   1.3511534e-01  -7.6543266e-01  -6.3454954e-01
   2.0000000e+00  -4.0782427e-01   4.4946207e-01   3.6852593e-01   1.6677497e+00  -8.7605743e-01   9.9354712e-01
   2.0000000e+00   2.0007243e-01  -1.2540532e+00   4.1400336e-01  -1.3905475e+00   1.2943380e+00   8.2782499e-01
   2.0000000e+00   2.6810439e-01  -2.3194111e+00   6.7712094e-01   8.4345188e-02  -7.4995740e-01  -1.9673485e+00
   2.0000000e+00  -3.6676768e-01  -2.6630309e-01  -8.2255686e-01  -1.1515436e+00  -4.7553278e-01  -6.5208691e-01
   2.0000000e+00   5.3887730e-02   1.9073178e-01  -1.0865132e+00  -1.0315475e+00  -3.2792340e-02  -4.6524929e-01
   2.0000000e+00  -2.5967791e-01   1.9208750e-01  -4.2491977e-01  -9.8249869e-01   1.5086651e-01   1.0007626e+00
   2.0000000e+00  -1.1149543e+00   3.6333368e-01  -3.4924013e-01   6.9639729e-01   2.5538656e+00  -1.0421124e+00
   2.0000000e+00  -1.5736549e-01  -4.8596689e-01   1.3317496e+00   6.7455179e-01   1.6461667e+00   1.3299108e+00
   2.0000000e+00  -5.2261347e-01   9.5613110e-02  -6.0466795e-01   1.1791727e+00   1.6653720e+00  -5.9934781e-02
   2.0000000e+00   4.5185400e-01  -2.1430917e-01   1.2557696e+00   3.3728708e-01   1.5453350e+00  -1.4856891e-01
   1.0000000e+00   1.6433744e+00   1.0611456e-01  -7.1921473e-01  -2.5991982e-01  -1.5725253e-01   1.4591292e-01
   2.0000000e+00  -2.0193361e+00   9.7572704e-01   1.8618999e+00  -7.3721251e-01  -1.9242096e+00   1.2047257e+00
   1.0000000e+00  -2.7026935e-01   6.1528069e-01  -1.3116969e+00   1.1225702e-02   8.1119959e-01  -6.0335298e-02
   1.0000000e+00   2.7981066e-01   6.0181686e-01  -3.8008691e-01  -3.2380273e-01  -7.6784851e-01   6.7774101e-01
   2.0000000e+00   1.9486421e-01  -1.1930203e+00  -4.9103751e-01   1.9078792e-01   9.8365907e-01  -1.1341117e+00
   2.0000000e+00   4.0846126e-02  -2.3250276e-01  -8.0634986e-01  -1.1523388e+00   1.5888499e+00   1.0137423e+00
   2.0000000e+00  -3.6497708e-02  -1.2574061e+00  -9.9660530e-01  -3.3073507e+00   3.5327106e-01   2.8674538e-01
   2.0000000e+00   2.2709301e-01   1.1748895e+00  -1.0285355e+00  -2.1623799e+00   9.0392610e-01   1.3632206e+00
   2.0000000e+00  -6.8927559e-01   5.3086579e-01  -6.6789140e-01  -1.6690731e+00  -1.3372612e+00   1.6601585e+00
   2.0000000e+00  -5.3068973e-01  -1.0618783e-01  -4.7514779e-01   6.5025610e-01  -1.0286029e-01   6.7104722e-01
   2.0000000e+00  -8.7587544e-01   1.0797913e+00  -5.7793434e-01   1.4426714e+00   1.9169788e+00   4.8724047e-01
   2.0000000e+00  -9.2337198e-02   1.8295123e-01   1.8698400e+00   2.3570295e+00   2.1914662e-01  -3.6749979e-01
   2.0000000e+00   1.4871932e-01  -6.6550374e-02  -5.7576924e-02  -7.3659598e-01   1.0883193e+00  -2.2898089e+00
   2.0000000e+00   1.2135890e-01  -2.4145581e-01   1.0728121e+00  -7.2768006e-02  -8.8965644e-01   1.2416731e+00
   2.0000000e+00  -4.6619751e-01  -1.3869765e+00   3.7582903e-01   1.6125145e+00   2.3669212e-01   3.6244049e-02
   2.0000000e+00   1.7280429e+00  -1.7293221e+00   1.4327131e+00  -8.6584974e-01  -8.8747815e-01   1.0827933e+00
   2.0000000e+00   5.3813575e-01   2.6023304e+00  -1.4258516e+00  -1.3917056e-01   4.0927204e-01  -1.2115188e+00
   2.0000000e+00   7.3881406e-01   8.8509111e-03   1.1344525e+00   3.9004420e+00  -1.4780056e+00   9.3319399e-01
   2.0000000e+00  -2.4757973e-01  -6.1277676e-01  -8.0055299e-01  -1.3909031e+00   8.9108626e-01  -3.9973413e-01
   1.0000000e+00  -3.6762285e-01   7.8685582e-01   2.0448985e+00  -3.5758627e-02   1.1081273e+00  -4.5847124e-01
   1.0000000e+00  -7.5078431e-01   4.9523818e-01   4.4158624e-01   8.2785635e-01   3.2412158e-02  -1.4261141e+00
   2.0000000e+00  -7.9632765e-01  -1.6475925e-01  -4.2210042e-02   9.1914850e-01  -2.9239600e+00  -2.3768177e-01
   2.0000000e+00   7.1227611e-01  -2.3470524e-01  -2.7990229e-01  -1.2122290e+00   1.8479460e-01   2.5909719e-02
   1.0000000e+00   4.9088208e-01   9.2235000e-01  -1.1826175e+00   2.0103757e-01   8.2814474e-01  -4.7940155e-01
   2.0000000e+00  -4.9033385e-01   3.8404992e-01   3.8331505e-01   9.4688014e-01   8.2041788e-01  -2.8548611e+00
   2.0000000e+00  -3.0950520e-01   6.2228599e-01   1.4485143e+00  -1.8100943e+00   5.1145480e-01  -1.8933690e-01
   2.0000000e+00  -4.4194227e-01  -5.6175638e-01   5.5983200e-01  -5.5065916e-01  -1.5267425e+00  -3.8108935e-01
   2.0000000e+00   5.9461047e-01   2.0766950e-01   4.6872237e-01   1.0196680e+00  -5.7649250e-01   4.3890868e-01
   2.0000000e+00  -4.5355350e-01  -3.1485191e-02   6.3618468e-01   6.2841224e-01  -4.5611297e-01   1.4182521e+00
   2.0000000e+00   1.1505358e+00   1.9791570e+00   1.9004509e-01  -1.2028280e+00  -2.0098026e-01   6.7320513e-01
   2.0000000e+00  -1.1135730e+00  -2.2976411e+00   3.0470457e-01  -8.1248577e-01   5.7870413e-01  -1.1012236e-01
   1.0000000e+00   9.9660675e-01   2.2794398e-01   1.1404673e+00  -2.0393574e-01  -8.4557715e-01   1.3377018e+00
   2.0000000e+00  -5.2582382e-02   8.5704254e-01   3.0699888e-01   7.6266550e-01   3.1269429e-01  -1.6604143e+00
   2.0000000e+00   1.1268181e-01   1.1184055e+00  -7.2792321e-01   1.6620306e-01  -1.0544303e+00   1.4607066e+00
   2.0000000e+00   1.4906043e+00   1.6556798e+00   1.0057558e+00  -1.8136833e+00  -2.7228327e-01  -3.0707540e-01
   2.0000000e+00  -6.7480728e-01   1.0458466e+00  -3.2583152e-01   2.5022133e+00   4.9727196e-01   8.2890805e-01
   2.0000000e+00  -2.2779634e+00  -6.6925819e-01  -1.2643855e+00   8.3674821e-01  -5.3063608e-02  -1.7069122e+00
   2.0000000e+00   5.0310042e-02  -7.6589887e-01  -4.6017908e-01   1.6268461e-01   5.7223124e-01   6.8436901e-01
   1.0000000e+00   2.2379989e-01   4.0436095e-01   1.4292922e+00   4.0132826e-01  -3.8615886e-02  -4.9734664e-01
   2.0000000e+00  -6.6431203e-01  -4.5299922e-01   1.5237459e-01   2.6717745e+00   1.2172474e+00  -1.7064087e+00
   1.0000000e+00   1.3992443e+00   5.1154970e-01   1.6016445e+00   6.6866394e-01   3.1777558e-01   2.0324763e+00
   2.0000000e+00   9.3919438e-01  -2.5909069e-01  -1.0637896e+00  -5.1106072e-01   1.7145524e+00   6.5508184e-01
   2.0000000e+00  -4.0853513e-01  -1.0779485e+00  -3.0043732e-01   1.1347621e+00   1.0238157e+00   6.9640196e-01
   1.0000000e+00   7.6351196e-01   4.0912168e-01  -1.1035396e+00  -7.1872003e-01   4.5166300e-01   5.1591933e-02
   1.0000000e+00   8.6508270e-01   5.0772317e-02  -1.3750787e+00  -7.9758016e-01  -5.3360475e-01   9.2062061e-01
   2.0000000e+00  -6.3525959e-01  -3.9167111e-01   4.2250216e-01   9.7789176e-01  -8.1842287e-01   3.3827754e-01
   2.0000000e+00  -1.9707125e+00  -3.6844984e-01   3.3438592e-01   2.0409893e-01  -1.1420360e+00  -2.9602133e-01
   2.0000000e+00   1.5158085e+00  -1.8689447e-01  -3.6289996e-01  -3.9454314e-01  -9.7096286e-01   1.6145607e+00
   2.0000000e+00  -9.8461150e-01  -1.1684074e+00  -2.0600176e-01   1.0561125e+00  -1.8948665e-01   5.5148847e-01
   2.0000000e+00  -7.7785611e-01   9.6033481e-01  -1.6468302e+00   1.2026521e+00  -6.4211855e-01  -8.8413863e-01
   2.0000000e+00  -1.0875752e-01   1.2814927e+00   1.5600058e+00  -5.9747625e-01   5.9151132e-01  -9.3090851e-03
   2.0000000e+00  -2.5357733e-01   3.0557395e-01  -3.5879132e-03   1.1580019e+00   9.0956320e-01   2.8691726e-01
   2.0000000e+00  -2.4597630e+00   1.1205890e+00   1.9064637e-01   1.0653515e+00   9.8682810e-01   1.8748864e+00
   2.0000000e+00  -2.8985347e-01  -1.1675070e+00  -1.1471476e+00  -1.0239267e+00  -1.1241847e+00   3.2099264e-01
   1.0000000e+00  -4.4155899e-01   3.9457857e-01   1.5926604e-01   8.3603793e-01   1.6300304e-01  -9.4522581e-01
   1.0000000e+00   4.4682959e-01   4.9481254e-01   4.9990242e-01   3.6324061e-02   1.7351260e+00  -1.1441739e+00
   2.0000000e+00  -5.9643288e-01  -1.6399844e-01  -6.8939465e-01  -1.9978651e+00  -7.3846866e-02  -1.3676692e+00
   2.0000000e+00  -3.1754681e-01  -1.9859080e+00  -8.1432647e-01   1.5497508e+00  -2.2497207e-01  -1.0655085e+00
   2.0000000e+00  -6.6790987e-01  -1.4135001e+00   7.0834559e-01  -1.1112961e+00  -2.0672892e+00  -1.1942361e+00
   2.0000000e+00   1.7577664e+00   1.7984236e+00  -8.7728403e-01   3.3593065e-01  -1.5660410e+00   2.0841811e-01
   2.0000000e+00   8.9545228e-01  -4.1334624e-01   1.5123969e-01  -5.6580260e-01   6.6762851e-03  -3.2795983e-01
   2.0000000e+00   1.2842635e+00   1.7779953e+00  -1.0817572e+00   1.2481318e+00   9.8853465e-01  -9.0727426e-01
   1.0000000e+00  -7.7151992e-01   7.9223234e-01  -1.7141342e-01  -2.2117335e-01  -8.5910259e-01   1.3889616e+00
   2.0000000e+00   2.1195099e+00  -9.7723950e-01  -7.2562233e-01   7.4992455e-01   2.9635899e-01  -2.5331918e-01
   2.0000000e+00  -1.2816840e+00  -1.5412458e+00   8.4249786e-02   1.0352387e+00   1.3824851e+00   9.1818837e-01
   1.0000000e+00  -6.3273668e-01   2.9795715e-01  -1.8010447e+00   5.4738520e-01   4.1646731e-01   8.2913690e-01
   2.0000000e+00   1.5185183e+00  -1.1275785e-01  -6.1709346e-02  -1.2144960e-01  -3.1624749e+00   1.0435484e+00
   2.0000000e+00  -9.6482613e-02   1.1031330e-01   6.3358165e-01  -6.2526724e-01   2.4480962e+00  -7.4963612e-01
   1.0000000e+00   6.3927665e-01   3.3314472e-01   9.1101653e-02  -4.9101923e-02   6.3483747e-01   1.4326440e+00
   1.0000000e+00   1.5502220e+00   5.7658460e-01   2.7095208e-01  -4.9090934e-01   9.0791683e-01  -1.4792997e+00
   2.0000000e+00  -7.2306720e-01  -1.5465026e+00  -1.1406340e+00   1.6098474e+00  -2.3792155e+00   2.0450378e+00
   2.0000000e+00  -1.1848014e+00  -6.5298620e-01  -1.8178795e+00   1.3689637e-01  -6.1687522e-01   2.9976565e-01
   2.0000000e+00   2.9237480e-01  -5.1506058e-01  -5.2590975e-02  -1.9285889e-01   1.2148810e+00   1.5772126e+00
   2.0000000e+00  -5.9197659e-01   1.4990404e+00  -4.4647358e-01  -2.2530268e-01  -2.0762114e-01  -1.4436610e-01
   2.0000000e+00   5.6530197e-01   4.5447212e-01   2.4280987e-02   1.6010256e+00  -5.1622815e-01   4.7286717e-01
   2.0000000e+00  -9.3265027e-01   7.6397912e-01   6.6359865e-01  -8.5122373e-01  -1.0104152e+00  -1.9705648e+00
   2.0000000e+00  -5.7109520e-01   4.4614569e-01   1.0043399e+00   8.9985622e-01  -4.0763608e-01  -1.1670429e-01
   2.0000000e+00   5.7587456e-01  -3.7186289e-01   1.1069608e+00   1.0672108e-01   2.6275543e+00  -4.7939385e-01
   2.0000000e+00   1.9408216e-01  -8.6538898e-01  -1.6094154e+00  -1.6036743e+00  -7.1860139e-01   1.8101907e+00
   2.0000000e+00   5.0161787e-01   1.2684132e+00  -8.3146194e-02   1.0199162e+00   3.2712124e-01  -1.2573676e+00
   1.0000000e+00  -1.5018785e+00   4.2062805e-01   4.6434949e-01  -1.6709177e-01  -9.6595551e-01  -1.7327096e+00
   2.0000000e+00   2.2696527e-01   1.0122827e+00  -5.7459869e-01   1.1327312e-01   1.6630964e+00  -1.8102612e-02
   2.0000000e+00   3.9387967e-01   1.8508707e+00   7.0722168e-01   1.3405713e-01   1.1479098e+00   3.2202014e-01
   2.0000000e+00  -9.2511569e-01  -5.4863510e-01  -7.4707874e-01   1.1888435e+00  -5.7404898e-01  -1.2265557e+00
   2.0000000e+00   1.2784136e+00  -5.3122454e-01  -8.0157557e-01  -1.0359659e+00   1.9870126e-01  -7.0501806e-01
   1.0000000e+00   3.6510761e-01   2.4338801e-01   8.5245682e-02   1.9599296e-01   1.1125018e+00   6.8756802e-01
   2.0000000e+00  -6.5312894e-01  -3.5562161e-02   2.9064342e-01  -4.9532073e-01  -6.4365480e-01  -2.5338068e-01
   2.0000000e+00   3.6235767e-01   1.0295348e+00  -6.1520748e-01  -2.1704265e-01   1.0160509e+00   6.8120148e-02
   2.0000000e+00   1.7069099e-01  -2.0152412e+00   5.8068781e-01  -7.5641373e-01  -1.2277047e-01   2.0621569e+00
   2.0000000e+00  -1.0850309e+00  -8.4829145e-01  -9.6448262e-01  -3.4781687e-01  -1.5210667e-01  -5.9760047e-01
   1.0000000e+00  -1.0370877e-01   1.6213513e-01  -1.8311653e-01   5.2982496e-03  -1.5001563e+00   1.0025242e+00
   2.0000000e+00   2.4867106e+00   1.9943581e+00   1.1251419e+00   1.5432148e+00   6.3268213e-01   1.4667540e+00
   2.0000000e+00   1.2013113e+00   1.1877382e+00  -2.6228263e-02  -8.7665858e-03  -3.3982705e-01  -6.2195849e-01
   2.0000000e+00   1.7741438e+00   2.7752478e-01  -1.9792219e-01   1.0574012e+00  -3.3530709e-01   1.6088886e+00
   2.0000000e+00  -2.2148065e-01  -7.8104003e-01  -5.9737031e-01   8.8309632e-01  -2.6309883e-01   4.9013093e-01
   2.0000000e+00   2.4435345e-01   4.4647908e-01  -3.7523174e-01   1.9503777e+00   1.0746308e+00  -9.6441171e-02
   2.0000000e+00   4.5963577e-01   1.5196343e+00   1.5906894e+00   1.0433564e+00   1.6715223e-02   1.5589424e+00
   2.0000000e+00   5.1424854e-01   9.0326785e-01  -7.4809754e-01   9.4158704e-01   8.3961404e-02  -4.3527755e-01
   1.0000000e+00  -2.3880551e-01   5.6340565e-01  -4.1460256e-01   3.1177346e-01  -7.0019735e-01  -5.1132630e-01
   2.0000000e+00  -1.0480636e-01   1.4312343e+00   1.5524283e+00  -1.2050190e+00   3.2874084e-02  -2.3229488e-01
   2.0000000e+00  -1.2259828e+00  -4.5450451e-02  -1.1525381e+00  -1.5614735e+00   1.5125243e-01  -1.1064718e+00
   1.0000000e+00  -1.2016468e+00   4.3749101e-01  -9.6715177e-01  -3.9982427e-01  -7.1277252e-01  -1.1980348e+00
   2.0000000e+00   5.9254801e-02  -2.1163985e-01  -1.9955374e+00   4.5369844e-01   1.7433608e-01   5.7473328e-01
   1.0000000e+00  -1.1571647e-01   4.2768289e-01  -3.8412687e-01   6.9568870e-01  -1.0978836e+00  -4.8981623e-01
   2.0000000e+00  -2.5615135e-02   1.5605168e+00   5.7254094e-01  -1.4632411e+00   3.8651217e-01  -9.1751180e-01
   2.0000000e+00  -7.1964777e-02  -3.0310736e-01  -6.8642599e-02   5.8794324e-01   5.1640960e-01   9.1900243e-01
   2.0000000e+00   1.4116682e-01   9.5471352e-01   7.5880033e-01   6.2180104e-01   2.5397583e-01   1.3813331e+00
   2.0000000e+00   2.1648683e+00  -7.9089736e-01   1.3267521e-02   9.6753533e-01   1.3499366e+00   2.9081592e-01
   2.0000000e+00   2.3635140e-01   2.0725262e+00  -8.6720649e-01  -5.9407253e-01   6.4672738e-01   1.1911655e+00
   2.0000000e+00  -1.1884728e+00  -3.7821785e-01   1.7609598e-01   2.4858375e-01  -5.5892642e-01  -7.8344636e-01
   2.0000000e+00   1.3231885e+00  -4.8735456e-01  -8.4598275e-01   2.6799853e+00   6.7988448e-01  -9.4571524e-01
   2.0000000e+00  -5.5129514e-01   5.7517692e-01  -1.3162431e+00  -1.7214111e+00  -1.4011993e-01  -2.5053492e+00
   2.0000000e+00  -6.6936457e-01  -8.8274012e-01  -6.5152651e-01  -1.2154212e+00  -9.8430014e-01  -1.6657036e+00
   2.0000000e+00  -2.6003974e-01   2.0287695e+00   9.7340524e-01   2.1773240e-01  -5.6865974e-01   5.7123874e-01
   2.0000000e+00  -1.0525179e+00  -8.3678411e-01  -1.7248566e+00   1.1606602e+00  -5.9075987e-01  -7.4706798e-01
   1.0000000e+00  -1.0002776e+00   4.9706244e-01   7.8095308e-01   6.4120595e-01   6.8516413e-01  -1.0501356e+00
   1.0000000e+00  -1.3294001e+00   5.3263048e-01   9.4469849e-01  -6.9558774e-01   1.0053631e+00  -5.0652387e-01
   2.0000000e+00   1.5675727e+00  -1.1575328e+00   4.7522935e-01  -5.4749779e-01  -1.9739439e+00  -1.1372731e+00
   2.0000000e+00   5.7867675e-01   1.1810848e+00   5.9755072e-01   8.7326400e-01   2.6869965e-01  -2.5139093e-01
   2.0000000e+00   1.3821254e+00  -1.5168691e+00  -4.6638443e-01  -3.6163698e-01   8.0838306e-01  -1.0911532e+00
   1.0000000e+00   2.4493815e+00   3.2830758e-01   1.9773317e-01  -6.9588057e-01  -1.9137585e+00   1.0347687e+00
   2.0000000e+00  -3.0277380e-01  -1.5328978e+00   2.6816362e-01   1.2273986e+00  -1.5594797e-02  -7.4403596e-01
   2.0000000e+00   1.5749903e+00  -4.9880569e-01   7.2744245e-01  -1.1533363e+00  -1.9564727e+00  -3.1887102e-01
   2.0000000e+00   6.4249355e-01  -1.5455248e+00   8.2080354e-02  -1.0152876e+00   8.6369056e-01   2.9989371e-01
   2.0000000e+00   1.1624967e+00   5.3643622e-01  -1.3209853e+00   2.0357994e+00   1.4381327e+00  -1.9772020e-01
   1.0000000e+00  -1.6296093e-01   1.0691776e-01   5.7405516e-01   3.3664739e-01  -8.9704641e-02   2.2864869e-01
   2.0000000e+00   1.0380254e+00  -1.8822963e-01   1.1310405e+00  -3.6069418e-01   2.0458192e-01   4.1740538e-01
   2.0000000e+00   1.1113833e+00  -6.7883011e-01  -4.3191740e-01   8.8353162e-01  -9.5618997e-01  -1.2441410e+00
   2.0000000e+00  -1.1740569e+00  -1.0009161e+00   8.5811389e-01   9.0099451e-01   3.5210963e-01  -5.3643733e-01
   2.0000000e+00  -1.8709954e-01   1.7194184e+00  -8.6116010e-01  -1.7355536e+00   1.3436433e+00  -4.7236375e-01
   2.0000000e+00  -7.1640816e-02  -9.4052154e-01  -8.0525861e-02   2.5755610e+00   7.3603323e-01  -1.3890965e+00
   2.0000000e+00   3.2315194e-01   1.7608579e-01  -4.8987918e-01   1.0573289e+00   7.6151559e-01  -1.8216523e-01
   2.0000000e+00   1.5952388e-01   1.5433057e+00   1.6574562e-01   6.0931320e-01   5.8648301e-01  -1.1252065e+00
   2.0000000e+00   8.1724139e-01  -5.7427190e-01   4.4674758e-01  -1.1389041e+00   1.5025373e-01   1.3200291e+00
   2.0000000e+00   3.4017280e-01  -4.9776355e-01   1.8571220e-01  -2.9873863e-01   1.7268449e+00   1.6454585e+00
   2.0000000e+00  -2.7778876e+00   6.8531294e-01  -4.3024050e-01   2.1627831e+00  -6.6771825e-01   2.5013586e-01
   2.0000000e+00  -1.2383619e+00  -8.7397871e-01  -1.1496363e+00  -3.8956911e-01   1.2773791e-01  -3.6542730e-01
   2.0000000e+00   1.0544427e-01  -6.0520780e-01  -1.7690606e-01  -1.6042468e+00   1.4382778e+00   2.9853970e-01
   2.0000000e+00   4.7256680e-01  -1.8511196e+00   4.4580474e-01   8.7133269e-01  -3.1636986e-01  -4.8492752e-01
   2.0000000e+00  -4.7107089e-01  -7.2305265e-01   1.9961887e-01   1.3151394e+00   4.0004479e-02  -2.0013526e+00
   1.0000000e+00  -5.1079733e-01   7.8589262e-01   1.7210426e-01   4.6571999e-01  -1.5396675e+00   8.0608470e-01
   2.0000000e+00   5.3987868e-01   6.4371183e-01  -4.4958347e-01  -8.8988431e-01  -2.3037178e-01   4.0278515e-01
   2.0000000e+00   7.0416132e-01  -3.1661344e-01  -2.2638454e-01  -1.4587772e-01   4.0622131e-01  -5.9660993e-01
   2.0000000e+00   1.0874950e+00   1.2397356e+00  -2.4695237e-01  -1.1094623e+00  -1.2025177e+00   3.0211645e-01
   2.0000000e+00  -1.4741329e+00  -5.2224762e-01  -3.1487731e-01  -1.4474940e+00   1.0114580e+00   6.0836443e-01
   1.0000000e+00  -4.7696977e-01   4.1578994e-01  -1.4348284e+00   7.1622791e-01   7.5027450e-02   7.0337083e-01
   2.0000000e+00  -6.8179077e-01   1.2261917e+00  -7.6571969e-02   4.7849796e-02   2.8864976e-01   2.8903151e-01
   2.0000000e+00   1.6877742e+00  -6.9688770e-01  -1.4720452e+00  -2.5434362e+00   1.9389455e+00  -1.5208707e-01
   2.0000000e+00   1.3510536e+00  -1.0562262e+00   1.4713154e+00  -3.2818796e-01   2.2669203e+00  -6.2590594e-01
   2.0000000e+00  -5.5415668e-01  -5.7187557e-01  -2.2974186e-01  -5.5036518e-01  -1.8294504e-01   1.0467566e+00
   2.0000000e+00   6.5297705e-01  -6.7065444e-01  -1.3238739e+00  -1.1138562e+00  -7.2509416e-01  -5.5720098e-01
   2.0000000e+00   2.7339843e+00   1.7103458e+00   4.5484448e-01   6.6139667e-02   3.8125088e-01   1.2621470e-02
   2.0000000e+00   5.1919619e-01  -5.5944409e-01   7.7672258e-01  -1.1906303e+00  -2.5223619e-01  -1.3712657e+00
   2.0000000e+00  -2.3461650e-01  -8.1772440e-01   4.3057083e-01   1.6562659e+00   1.1521170e+00   5.3779928e-01
   2.0000000e+00  -7.4272320e-01  -3.8492097e-01  -2.6466577e-01  -1.1041903e+00   3.5365771e-01  -4.2935199e-01
   1.0000000e+00   6.0888789e-01   8.3384890e-01   1.7306846e+00   6.7983030e-02   2.8139496e-01   4.9784069e-01
   2.0000000e+00  -9.3344201e-01  -7.7568437e-01  -5.6694491e-01   7.1449187e-01  -1.4406414e+00  -3.2493120e-01
   2.0000000e+00  -1.8520264e-01   1.1322021e+00   2.3472218e-01  -4.0173858e-01   9.0033947e-01  -6.4577835e-01
   2.0000000e+00   6.1856179e-01   1.8232335e+00  -6.0417446e-01   1.8230034e+00   1.7496380e+00   4.0725959e-01
   2.0000000e+00  -1.2212764e+00  -9.5636281e-01  -3.4061011e-01  -4.6508234e-01  -1.2189727e-01   2.6359538e+00
   2.0000000e+00   1.0169821e-01  -6.2079009e-01   9.0574003e-02   9.8113885e-01  -1.8044831e+00   6.3779551e-01
   2.0000000e+00  -2.9469653e-01  -6.5081162e-01   3.1399902e-01  -5.6325382e-01   1.9007427e-01  -7.6517926e-01
   2.0000000e+00   1.0438865e+00  -1.1159846e-01   3.7026139e-01  -1.9381524e+00   3.2989759e-01   2.1495198e-01
   2.0000000e+00   2.6021786e-01   5.2789570e-01   4.8540907e-01  -1.4488046e+00   2.8552612e-01   3.3663233e-01
   2.0000000e+00   2.0826905e+00  -1.0633424e+00   1.1042375e+00   1.3795065e+00   7.7013392e-01   6.7162476e-01
   2.0000000e+00   3.8679938e-01  -1.1479182e+00  -3.0685051e-01  -3.1030230e-01  -4.3614225e-01   1.0304030e+00
   2.0000000e+00  -2.9394342e-02   1.4416850e+00  -1.8562794e-01  -1.1464118e+00  -1.5312362e+00  -1.2856398e-01
   2.0000000e+00   5.6734756e-01  -9.8425293e-01  -1.9603355e-01  -7.5249401e-01   1.4649236e+00   1.8247823e+00
   2.0000000e+00   3.5517215e-01  -8.6150961e-01   1.9512063e+00   1.0720783e+00  -1.8316916e-01  -3.0142304e-01
   2.0000000e+00  -7.2321284e-01  -1.5647386e+00  -5.8102731e-01  -1.4255201e+00  -1.0397221e-02  -1.2586170e-01
   2.0000000e+00  -1.1843128e+00   4.0859017e-01  -6.4552952e-01   2.3285928e+00  -7.9162701e-01  -1.0458809e+00
   2.0000000e+00  -1.9221987e+00  -5.0583378e-01   1.0490759e+00  -1.1365646e+00  -3.6581930e-01  -2.6541839e+00
   2.0000000e+00  -1.3051493e-01  -7.6044007e-01   5.5424935e-01  -5.7607170e-01   7.6122842e-01  -1.1596636e+00
   2.0000000e+00   2.3676808e+00   1.9089504e+00   2.3119454e+00  -9.3850314e-01  -4.4636518e-01  -3.8508053e-01
   2.0000000e+00  -1.8182807e-01  -1.2707335e+00   1.1842380e+00   9.5115079e-01  -7.6498517e-01  -1.3233675e+00
   2.0000000e+00  -1.0011507e-01  -1.9818404e-01  -7.2164544e-01   6.4473890e-01   7.0100720e-01  -5.7779710e-01
   2.0000000e+00   6.7985810e-01   8.7076187e-01  -2.7221615e-01  -7.3641731e-01  -1.0728459e+00  -6.2239603e-01
   2.0000000e+00  -1.1486490e+00  -5.8002867e-01  -1.2028825e+00  -1.4413483e+00   1.2318755e+00   5.0863267e-01
   1.0000000e+00  -1.0042794e+00   4.5957377e-01   3.1572804e-01  -2.4392925e-02  -2.3056052e-01  -1.3089719e+00
   2.0000000e+00   6.5843762e-01   2.3455432e+00  -3.6054727e-01  -5.7116985e-01   1.3768386e+00   1.2132616e-01
   2.0000000e+00   2.0412419e+00   1.3047196e+00  -1.6741967e+00   1.9491550e+00  -1.9168095e+00  -1.9321006e-01
   1.0000000e+00   1.8988462e-02   7.6387319e-01   2.4311179e-01  -2.1560330e-02   1.4603944e+00  -6.2137229e-01
